          1  0.187E-01
          2  0.187E-01
          3  0.187E-01
          4  0.187E-01
          5  0.187E-01
          6  0.187E-01
          7  0.187E-01
          8  0.187E-01
          9  0.187E-01
         10  0.187E-01
         11  0.187E-01
         12  0.187E-01
         13  0.187E-01
         14  0.187E-01
         15  0.187E-01
         16  0.187E-01
         17  0.187E-01
         18  0.187E-01
         19  0.187E-01
         20  0.187E-01
         21  0.187E-01
         22  0.187E-01
         23  0.187E-01
         24  0.187E-01
         25  0.187E-01
         26  0.187E-01
         27  0.187E-01
         28  0.187E-01
         29  0.187E-01
         30  0.144E-01
         31  0.144E-01
         32  0.144E-01
         33  0.144E-01
         34  0.144E-01
         35  0.144E-01
         36  0.144E-01
         37  0.144E-01
         38  0.144E-01
         39  0.144E-01
         40  0.144E-01
         41  0.144E-01
         42  0.144E-01
         43  0.144E-01
         44  0.144E-01
         45  0.144E-01
         46  0.144E-01
         47  0.144E-01
         48  0.144E-01
         49  0.144E-01
         50  0.144E-01
         51  0.144E-01
         52  0.144E-01
         53  0.144E-01
         54  0.144E-01
         55  0.144E-01
         56  0.144E-01
         57  0.144E-01
         58  0.144E-01
         59  0.144E-01
         60  0.132E-01
         61  0.132E-01
         62  0.132E-01
         63  0.132E-01
         64  0.132E-01
         65  0.132E-01
         66  0.132E-01
         67  0.132E-01
         68  0.132E-01
         69  0.132E-01
         70  0.132E-01
         71  0.132E-01
         72  0.132E-01
         73  0.132E-01
         74  0.132E-01
         75  0.132E-01
         76  0.132E-01
         77  0.132E-01
         78  0.132E-01
         79  0.132E-01
         80  0.132E-01
         81  0.132E-01
         82  0.132E-01
         83  0.132E-01
         84  0.132E-01
         85  0.132E-01
         86  0.132E-01
         87  0.132E-01
         88  0.132E-01
         89  0.132E-01
         90  0.120E-01
         91  0.120E-01
         92  0.120E-01
         93  0.120E-01
         94  0.120E-01
         95  0.120E-01
         96  0.120E-01
         97  0.120E-01
         98  0.120E-01
         99  0.120E-01
        100  0.120E-01
        101  0.120E-01
        102  0.120E-01
        103  0.120E-01
        104  0.120E-01
        105  0.120E-01
        106  0.120E-01
        107  0.120E-01
        108  0.120E-01
        109  0.120E-01
        110  0.120E-01
        111  0.120E-01
        112  0.120E-01
        113  0.120E-01
        114  0.120E-01
        115  0.120E-01
        116  0.120E-01
        117  0.120E-01
        118  0.120E-01
        119  0.120E-01
        120  0.132E-01
        121  0.132E-01
        122  0.132E-01
        123  0.132E-01
        124  0.132E-01
        125  0.132E-01
        126  0.132E-01
        127  0.132E-01
        128  0.132E-01
        129  0.132E-01
        130  0.132E-01
        131  0.132E-01
        132  0.132E-01
        133  0.132E-01
        134  0.132E-01
        135  0.132E-01
        136  0.132E-01
        137  0.132E-01
        138  0.132E-01
        139  0.132E-01
        140  0.132E-01
        141  0.132E-01
        142  0.132E-01
        143  0.132E-01
        144  0.132E-01
        145  0.132E-01
        146  0.132E-01
        147  0.132E-01
        148  0.132E-01
        149  0.132E-01
        150  0.161E-01
        151  0.161E-01
        152  0.161E-01
        153  0.161E-01
        154  0.161E-01
        155  0.161E-01
        156  0.161E-01
        157  0.161E-01
        158  0.161E-01
        159  0.161E-01
        160  0.161E-01
        161  0.161E-01
        162  0.161E-01
        163  0.161E-01
        164  0.161E-01
        165  0.161E-01
        166  0.161E-01
        167  0.161E-01
        168  0.161E-01
        169  0.161E-01
        170  0.161E-01
        171  0.161E-01
        172  0.161E-01
        173  0.161E-01
        174  0.161E-01
        175  0.161E-01
        176  0.161E-01
        177  0.161E-01
        178  0.161E-01
        179  0.161E-01
        180  0.935E-02
        181  0.935E-02
        182  0.935E-02
        183  0.935E-02
        184  0.935E-02
        185  0.935E-02
        186  0.935E-02
        187  0.935E-02
        188  0.935E-02
        189  0.935E-02
        190  0.935E-02
        191  0.935E-02
        192  0.935E-02
        193  0.935E-02
        194  0.935E-02
        195  0.935E-02
        196  0.935E-02
        197  0.935E-02
        198  0.935E-02
        199  0.935E-02
        200  0.935E-02
        201  0.935E-02
        202  0.935E-02
        203  0.935E-02
        204  0.935E-02
        205  0.935E-02
        206  0.935E-02
        207  0.935E-02
        208  0.935E-02
        209  0.935E-02
        210  0.103E-01
        211  0.103E-01
        212  0.103E-01
        213  0.103E-01
        214  0.103E-01
        215  0.103E-01
        216  0.103E-01
        217  0.103E-01
        218  0.103E-01
        219  0.103E-01
        220  0.103E-01
        221  0.103E-01
        222  0.103E-01
        223  0.103E-01
        224  0.103E-01
        225  0.103E-01
        226  0.103E-01
        227  0.103E-01
        228  0.103E-01
        229  0.103E-01
        230  0.103E-01
        231  0.103E-01
        232  0.103E-01
        233  0.103E-01
        234  0.103E-01
        235  0.103E-01
        236  0.103E-01
        237  0.103E-01
        238  0.103E-01
        239  0.103E-01
        240  0.158E-01
        241  0.158E-01
        242  0.158E-01
        243  0.158E-01
        244  0.158E-01
        245  0.158E-01
        246  0.158E-01
        247  0.158E-01
        248  0.158E-01
        249  0.158E-01
        250  0.158E-01
        251  0.158E-01
        252  0.158E-01
        253  0.158E-01
        254  0.158E-01
        255  0.158E-01
        256  0.158E-01
        257  0.158E-01
        258  0.158E-01
        259  0.158E-01
        260  0.158E-01
        261  0.158E-01
        262  0.158E-01
        263  0.158E-01
        264  0.158E-01
        265  0.158E-01
        266  0.158E-01
        267  0.158E-01
        268  0.158E-01
        269  0.158E-01
        270  0.158E-01
        271  0.158E-01
        272  0.158E-01
        273  0.158E-01
        274  0.158E-01
        275  0.158E-01
        276  0.158E-01
        277  0.158E-01
        278  0.158E-01
        279  0.158E-01
        280  0.158E-01
        281  0.158E-01
        282  0.158E-01
        283  0.158E-01
        284  0.158E-01
        285  0.158E-01
        286  0.158E-01
        287  0.158E-01
        288  0.158E-01
        289  0.158E-01
        290  0.158E-01
        291  0.158E-01
        292  0.158E-01
        293  0.158E-01
        294  0.158E-01
        295  0.158E-01
        296  0.158E-01
        297  0.158E-01
        298  0.158E-01
        299  0.158E-01
        300  0.122E-01
        301  0.122E-01
        302  0.122E-01
        303  0.122E-01
        304  0.122E-01
        305  0.122E-01
        306  0.122E-01
        307  0.122E-01
        308  0.122E-01
        309  0.122E-01
        310  0.122E-01
        311  0.122E-01
        312  0.122E-01
        313  0.122E-01
        314  0.122E-01
        315  0.122E-01
        316  0.122E-01
        317  0.122E-01
        318  0.122E-01
        319  0.122E-01
        320  0.122E-01
        321  0.122E-01
        322  0.122E-01
        323  0.122E-01
        324  0.122E-01
        325  0.122E-01
        326  0.122E-01
        327  0.122E-01
        328  0.122E-01
        329  0.122E-01
        330  0.149E-01
        331  0.149E-01
        332  0.149E-01
        333  0.149E-01
        334  0.149E-01
        335  0.149E-01
        336  0.149E-01
        337  0.149E-01
        338  0.149E-01
        339  0.149E-01
        340  0.149E-01
        341  0.149E-01
        342  0.149E-01
        343  0.149E-01
        344  0.149E-01
        345  0.149E-01
        346  0.149E-01
        347  0.149E-01
        348  0.149E-01
        349  0.149E-01
        350  0.149E-01
        351  0.149E-01
        352  0.149E-01
        353  0.149E-01
        354  0.149E-01
        355  0.149E-01
        356  0.149E-01
        357  0.149E-01
        358  0.149E-01
        359  0.149E-01
        360  0.106E-01
        361  0.106E-01
        362  0.106E-01
        363  0.106E-01
        364  0.106E-01
        365  0.106E-01
        366  0.106E-01
        367  0.106E-01
        368  0.106E-01
        369  0.106E-01
        370  0.106E-01
        371  0.106E-01
        372  0.106E-01
        373  0.106E-01
        374  0.106E-01
        375  0.106E-01
        376  0.106E-01
        377  0.106E-01
        378  0.106E-01
        379  0.106E-01
        380  0.106E-01
        381  0.106E-01
        382  0.106E-01
        383  0.106E-01
        384  0.106E-01
        385  0.106E-01
        386  0.106E-01
        387  0.106E-01
        388  0.106E-01
        389  0.106E-01
        390  0.891E-02
        391  0.891E-02
        392  0.891E-02
        393  0.891E-02
        394  0.891E-02
        395  0.891E-02
        396  0.891E-02
        397  0.891E-02
        398  0.891E-02
        399  0.891E-02
        400  0.891E-02
        401  0.891E-02
        402  0.891E-02
        403  0.891E-02
        404  0.891E-02
        405  0.891E-02
        406  0.891E-02
        407  0.891E-02
        408  0.891E-02
        409  0.891E-02
        410  0.891E-02
        411  0.891E-02
        412  0.891E-02
        413  0.891E-02
        414  0.891E-02
        415  0.891E-02
        416  0.891E-02
        417  0.891E-02
        418  0.891E-02
        419  0.891E-02
        420  0.981E-02
        421  0.981E-02
        422  0.981E-02
        423  0.981E-02
        424  0.981E-02
        425  0.981E-02
        426  0.981E-02
        427  0.981E-02
        428  0.981E-02
        429  0.981E-02
        430  0.981E-02
        431  0.981E-02
        432  0.981E-02
        433  0.981E-02
        434  0.981E-02
        435  0.981E-02
        436  0.981E-02
        437  0.981E-02
        438  0.981E-02
        439  0.981E-02
        440  0.981E-02
        441  0.981E-02
        442  0.981E-02
        443  0.981E-02
        444  0.981E-02
        445  0.981E-02
        446  0.981E-02
        447  0.981E-02
        448  0.981E-02
        449  0.981E-02
        450  0.108E-01
        451  0.108E-01
        452  0.108E-01
        453  0.108E-01
        454  0.108E-01
        455  0.108E-01
        456  0.108E-01
        457  0.108E-01
        458  0.108E-01
        459  0.108E-01
        460  0.108E-01
        461  0.108E-01
        462  0.108E-01
        463  0.108E-01
        464  0.108E-01
        465  0.108E-01
        466  0.108E-01
        467  0.108E-01
        468  0.108E-01
        469  0.108E-01
        470  0.108E-01
        471  0.108E-01
        472  0.108E-01
        473  0.108E-01
        474  0.108E-01
        475  0.108E-01
        476  0.108E-01
        477  0.108E-01
        478  0.108E-01
        479  0.108E-01
        480  0.147E-01
        481  0.147E-01
        482  0.147E-01
        483  0.147E-01
        484  0.147E-01
        485  0.147E-01
        486  0.147E-01
        487  0.147E-01
        488  0.147E-01
        489  0.147E-01
        490  0.147E-01
        491  0.147E-01
        492  0.147E-01
        493  0.147E-01
        494  0.147E-01
        495  0.147E-01
        496  0.147E-01
        497  0.147E-01
        498  0.147E-01
        499  0.147E-01
        500  0.147E-01
        501  0.147E-01
        502  0.147E-01
        503  0.147E-01
        504  0.147E-01
        505  0.147E-01
        506  0.147E-01
        507  0.147E-01
        508  0.147E-01
        509  0.147E-01
        510  0.123E-01
        511  0.123E-01
        512  0.123E-01
        513  0.123E-01
        514  0.123E-01
        515  0.123E-01
        516  0.123E-01
        517  0.123E-01
        518  0.123E-01
        519  0.123E-01
        520  0.123E-01
        521  0.123E-01
        522  0.123E-01
        523  0.123E-01
        524  0.123E-01
        525  0.123E-01
        526  0.123E-01
        527  0.123E-01
        528  0.123E-01
        529  0.123E-01
        530  0.123E-01
        531  0.123E-01
        532  0.123E-01
        533  0.123E-01
        534  0.123E-01
        535  0.123E-01
        536  0.123E-01
        537  0.123E-01
        538  0.123E-01
        539  0.123E-01
        540  0.136E-01
        541  0.136E-01
        542  0.136E-01
        543  0.136E-01
        544  0.136E-01
        545  0.136E-01
        546  0.136E-01
        547  0.136E-01
        548  0.136E-01
        549  0.136E-01
        550  0.136E-01
        551  0.136E-01
        552  0.136E-01
        553  0.136E-01
        554  0.136E-01
        555  0.136E-01
        556  0.136E-01
        557  0.136E-01
        558  0.136E-01
        559  0.136E-01
        560  0.136E-01
        561  0.136E-01
        562  0.136E-01
        563  0.136E-01
        564  0.136E-01
        565  0.136E-01
        566  0.136E-01
        567  0.136E-01
        568  0.136E-01
        569  0.136E-01
        570  0.902E-02
        571  0.902E-02
        572  0.902E-02
        573  0.902E-02
        574  0.902E-02
        575  0.902E-02
        576  0.902E-02
        577  0.902E-02
        578  0.902E-02
        579  0.902E-02
        580  0.902E-02
        581  0.902E-02
        582  0.902E-02
        583  0.902E-02
        584  0.902E-02
        585  0.902E-02
        586  0.902E-02
        587  0.902E-02
        588  0.902E-02
        589  0.902E-02
        590  0.902E-02
        591  0.902E-02
        592  0.902E-02
        593  0.902E-02
        594  0.902E-02
        595  0.902E-02
        596  0.902E-02
        597  0.902E-02
        598  0.902E-02
        599  0.902E-02
        600  0.110E-01
        601  0.110E-01
        602  0.110E-01
        603  0.110E-01
        604  0.110E-01
        605  0.110E-01
        606  0.110E-01
        607  0.110E-01
        608  0.110E-01
        609  0.110E-01
        610  0.110E-01
        611  0.110E-01
        612  0.110E-01
        613  0.110E-01
        614  0.110E-01
        615  0.110E-01
        616  0.110E-01
        617  0.110E-01
        618  0.110E-01
        619  0.110E-01
        620  0.110E-01
        621  0.110E-01
        622  0.110E-01
        623  0.110E-01
        624  0.110E-01
        625  0.110E-01
        626  0.110E-01
        627  0.110E-01
        628  0.110E-01
        629  0.110E-01
        630  0.169E-01
        631  0.169E-01
        632  0.169E-01
        633  0.169E-01
        634  0.169E-01
        635  0.169E-01
        636  0.169E-01
        637  0.169E-01
        638  0.169E-01
        639  0.169E-01
        640  0.169E-01
        641  0.169E-01
        642  0.169E-01
        643  0.169E-01
        644  0.169E-01
        645  0.169E-01
        646  0.169E-01
        647  0.169E-01
        648  0.169E-01
        649  0.169E-01
        650  0.169E-01
        651  0.169E-01
        652  0.169E-01
        653  0.169E-01
        654  0.169E-01
        655  0.169E-01
        656  0.169E-01
        657  0.169E-01
        658  0.169E-01
        659  0.169E-01
        660  0.121E-01
        661  0.121E-01
        662  0.121E-01
        663  0.121E-01
        664  0.121E-01
        665  0.121E-01
        666  0.121E-01
        667  0.121E-01
        668  0.121E-01
        669  0.121E-01
        670  0.121E-01
        671  0.121E-01
        672  0.121E-01
        673  0.121E-01
        674  0.121E-01
        675  0.121E-01
        676  0.121E-01
        677  0.121E-01
        678  0.121E-01
        679  0.121E-01
        680  0.121E-01
        681  0.121E-01
        682  0.121E-01
        683  0.121E-01
        684  0.121E-01
        685  0.121E-01
        686  0.121E-01
        687  0.121E-01
        688  0.121E-01
        689  0.121E-01
        690  0.121E-01
        691  0.121E-01
        692  0.121E-01
        693  0.121E-01
        694  0.121E-01
        695  0.121E-01
        696  0.121E-01
        697  0.121E-01
        698  0.121E-01
        699  0.121E-01
        700  0.121E-01
        701  0.121E-01
        702  0.121E-01
        703  0.121E-01
        704  0.121E-01
        705  0.121E-01
        706  0.121E-01
        707  0.121E-01
        708  0.121E-01
        709  0.121E-01
        710  0.121E-01
        711  0.121E-01
        712  0.121E-01
        713  0.121E-01
        714  0.121E-01
        715  0.121E-01
        716  0.121E-01
        717  0.121E-01
        718  0.121E-01
        719  0.121E-01
        720  0.164E-01
        721  0.164E-01
        722  0.164E-01
        723  0.164E-01
        724  0.164E-01
        725  0.164E-01
        726  0.164E-01
        727  0.164E-01
        728  0.164E-01
        729  0.164E-01
        730  0.164E-01
        731  0.164E-01
        732  0.164E-01
        733  0.164E-01
        734  0.164E-01
        735  0.164E-01
        736  0.164E-01
        737  0.164E-01
        738  0.164E-01
        739  0.164E-01
        740  0.164E-01
        741  0.164E-01
        742  0.164E-01
        743  0.164E-01
        744  0.164E-01
        745  0.164E-01
        746  0.164E-01
        747  0.164E-01
        748  0.164E-01
        749  0.164E-01
        750  0.127E-01
        751  0.127E-01
        752  0.127E-01
        753  0.127E-01
        754  0.127E-01
        755  0.127E-01
        756  0.127E-01
        757  0.127E-01
        758  0.127E-01
        759  0.127E-01
        760  0.127E-01
        761  0.127E-01
        762  0.127E-01
        763  0.127E-01
        764  0.127E-01
        765  0.127E-01
        766  0.127E-01
        767  0.127E-01
        768  0.127E-01
        769  0.127E-01
        770  0.127E-01
        771  0.127E-01
        772  0.127E-01
        773  0.127E-01
        774  0.127E-01
        775  0.127E-01
        776  0.127E-01
        777  0.127E-01
        778  0.127E-01
        779  0.127E-01
        780  0.127E-01
        781  0.127E-01
        782  0.127E-01
        783  0.127E-01
        784  0.127E-01
        785  0.127E-01
        786  0.127E-01
        787  0.127E-01
        788  0.127E-01
        789  0.127E-01
        790  0.127E-01
        791  0.127E-01
        792  0.127E-01
        793  0.127E-01
        794  0.127E-01
        795  0.127E-01
        796  0.127E-01
        797  0.127E-01
        798  0.127E-01
        799  0.127E-01
        800  0.127E-01
        801  0.127E-01
        802  0.127E-01
        803  0.127E-01
        804  0.127E-01
        805  0.127E-01
        806  0.127E-01
        807  0.127E-01
        808  0.127E-01
        809  0.127E-01
        810  0.155E-01
        811  0.155E-01
        812  0.155E-01
        813  0.155E-01
        814  0.155E-01
        815  0.155E-01
        816  0.155E-01
        817  0.155E-01
        818  0.155E-01
        819  0.155E-01
        820  0.155E-01
        821  0.155E-01
        822  0.155E-01
        823  0.155E-01
        824  0.155E-01
        825  0.155E-01
        826  0.155E-01
        827  0.155E-01
        828  0.155E-01
        829  0.155E-01
        830  0.155E-01
        831  0.155E-01
        832  0.155E-01
        833  0.155E-01
        834  0.155E-01
        835  0.155E-01
        836  0.155E-01
        837  0.155E-01
        838  0.155E-01
        839  0.155E-01
        840  0.130E-01
        841  0.130E-01
        842  0.130E-01
        843  0.130E-01
        844  0.130E-01
        845  0.130E-01
        846  0.130E-01
        847  0.130E-01
        848  0.130E-01
        849  0.130E-01
        850  0.130E-01
        851  0.130E-01
        852  0.130E-01
        853  0.130E-01
        854  0.130E-01
        855  0.130E-01
        856  0.130E-01
        857  0.130E-01
        858  0.130E-01
        859  0.130E-01
        860  0.130E-01
        861  0.130E-01
        862  0.130E-01
        863  0.130E-01
        864  0.130E-01
        865  0.130E-01
        866  0.130E-01
        867  0.130E-01
        868  0.130E-01
        869  0.130E-01
        870  0.119E-01
        871  0.119E-01
        872  0.119E-01
        873  0.119E-01
        874  0.119E-01
        875  0.119E-01
        876  0.119E-01
        877  0.119E-01
        878  0.119E-01
        879  0.119E-01
        880  0.119E-01
        881  0.119E-01
        882  0.119E-01
        883  0.119E-01
        884  0.119E-01
        885  0.119E-01
        886  0.119E-01
        887  0.119E-01
        888  0.119E-01
        889  0.119E-01
        890  0.119E-01
        891  0.119E-01
        892  0.119E-01
        893  0.119E-01
        894  0.119E-01
        895  0.119E-01
        896  0.119E-01
        897  0.119E-01
        898  0.119E-01
        899  0.119E-01
        900  0.916E-02
        901  0.916E-02
        902  0.916E-02
        903  0.916E-02
        904  0.916E-02
        905  0.916E-02
        906  0.916E-02
        907  0.916E-02
        908  0.916E-02
        909  0.916E-02
        910  0.916E-02
        911  0.916E-02
        912  0.916E-02
        913  0.916E-02
        914  0.916E-02
        915  0.916E-02
        916  0.916E-02
        917  0.916E-02
        918  0.916E-02
        919  0.916E-02
        920  0.916E-02
        921  0.916E-02
        922  0.916E-02
        923  0.916E-02
        924  0.916E-02
        925  0.916E-02
        926  0.916E-02
        927  0.916E-02
        928  0.916E-02
        929  0.916E-02
        930  0.101E-01
        931  0.101E-01
        932  0.101E-01
        933  0.101E-01
        934  0.101E-01
        935  0.101E-01
        936  0.101E-01
        937  0.101E-01
        938  0.101E-01
        939  0.101E-01
        940  0.101E-01
        941  0.101E-01
        942  0.101E-01
        943  0.101E-01
        944  0.101E-01
        945  0.101E-01
        946  0.101E-01
        947  0.101E-01
        948  0.101E-01
        949  0.101E-01
        950  0.101E-01
        951  0.101E-01
        952  0.101E-01
        953  0.101E-01
        954  0.101E-01
        955  0.101E-01
        956  0.101E-01
        957  0.101E-01
        958  0.101E-01
        959  0.101E-01
        960  0.921E-02
        961  0.921E-02
        962  0.921E-02
        963  0.921E-02
        964  0.921E-02
        965  0.921E-02
        966  0.921E-02
        967  0.921E-02
        968  0.921E-02
        969  0.921E-02
        970  0.921E-02
        971  0.921E-02
        972  0.921E-02
        973  0.921E-02
        974  0.921E-02
        975  0.921E-02
        976  0.921E-02
        977  0.921E-02
        978  0.921E-02
        979  0.921E-02
        980  0.921E-02
        981  0.921E-02
        982  0.921E-02
        983  0.921E-02
        984  0.921E-02
        985  0.921E-02
        986  0.921E-02
        987  0.921E-02
        988  0.921E-02
        989  0.921E-02
        990  0.112E-01
        991  0.112E-01
        992  0.112E-01
        993  0.112E-01
        994  0.112E-01
        995  0.112E-01
        996  0.112E-01
        997  0.112E-01
        998  0.112E-01
        999  0.112E-01
       1000  0.112E-01
