          1  0.103E-01
          2  0.103E-01
          3  0.103E-01
          4  0.103E-01
          5  0.103E-01
          6  0.103E-01
          7  0.103E-01
          8  0.103E-01
          9  0.103E-01
         10  0.103E-01
         11  0.103E-01
         12  0.103E-01
         13  0.103E-01
         14  0.103E-01
         15  0.103E-01
         16  0.103E-01
         17  0.103E-01
         18  0.103E-01
         19  0.103E-01
         20  0.103E-01
         21  0.103E-01
         22  0.103E-01
         23  0.103E-01
         24  0.103E-01
         25  0.103E-01
         26  0.103E-01
         27  0.103E-01
         28  0.103E-01
         29  0.103E-01
         30  0.938E-02
         31  0.938E-02
         32  0.938E-02
         33  0.938E-02
         34  0.938E-02
         35  0.938E-02
         36  0.938E-02
         37  0.938E-02
         38  0.938E-02
         39  0.938E-02
         40  0.938E-02
         41  0.938E-02
         42  0.938E-02
         43  0.938E-02
         44  0.938E-02
         45  0.938E-02
         46  0.938E-02
         47  0.938E-02
         48  0.938E-02
         49  0.938E-02
         50  0.938E-02
         51  0.938E-02
         52  0.938E-02
         53  0.938E-02
         54  0.938E-02
         55  0.938E-02
         56  0.938E-02
         57  0.938E-02
         58  0.938E-02
         59  0.938E-02
         60  0.724E-02
         61  0.724E-02
         62  0.724E-02
         63  0.724E-02
         64  0.724E-02
         65  0.724E-02
         66  0.724E-02
         67  0.724E-02
         68  0.724E-02
         69  0.724E-02
         70  0.724E-02
         71  0.724E-02
         72  0.724E-02
         73  0.724E-02
         74  0.724E-02
         75  0.724E-02
         76  0.724E-02
         77  0.724E-02
         78  0.724E-02
         79  0.724E-02
         80  0.724E-02
         81  0.724E-02
         82  0.724E-02
         83  0.724E-02
         84  0.724E-02
         85  0.724E-02
         86  0.724E-02
         87  0.724E-02
         88  0.724E-02
         89  0.724E-02
         90  0.481E-02
         91  0.481E-02
         92  0.481E-02
         93  0.481E-02
         94  0.481E-02
         95  0.481E-02
         96  0.481E-02
         97  0.481E-02
         98  0.481E-02
         99  0.481E-02
        100  0.481E-02
        101  0.481E-02
        102  0.481E-02
        103  0.481E-02
        104  0.481E-02
        105  0.481E-02
        106  0.481E-02
        107  0.481E-02
        108  0.481E-02
        109  0.481E-02
        110  0.481E-02
        111  0.481E-02
        112  0.481E-02
        113  0.481E-02
        114  0.481E-02
        115  0.481E-02
        116  0.481E-02
        117  0.481E-02
        118  0.481E-02
        119  0.481E-02
        120  0.530E-02
        121  0.530E-02
        122  0.530E-02
        123  0.530E-02
        124  0.530E-02
        125  0.530E-02
        126  0.530E-02
        127  0.530E-02
        128  0.530E-02
        129  0.530E-02
        130  0.530E-02
        131  0.530E-02
        132  0.530E-02
        133  0.530E-02
        134  0.530E-02
        135  0.530E-02
        136  0.530E-02
        137  0.530E-02
        138  0.530E-02
        139  0.530E-02
        140  0.530E-02
        141  0.530E-02
        142  0.530E-02
        143  0.530E-02
        144  0.530E-02
        145  0.530E-02
        146  0.530E-02
        147  0.530E-02
        148  0.530E-02
        149  0.530E-02
        150  0.583E-02
        151  0.583E-02
        152  0.583E-02
        153  0.583E-02
        154  0.583E-02
        155  0.583E-02
        156  0.583E-02
        157  0.583E-02
        158  0.583E-02
        159  0.583E-02
        160  0.583E-02
        161  0.583E-02
        162  0.583E-02
        163  0.583E-02
        164  0.583E-02
        165  0.583E-02
        166  0.583E-02
        167  0.583E-02
        168  0.583E-02
        169  0.583E-02
        170  0.583E-02
        171  0.583E-02
        172  0.583E-02
        173  0.583E-02
        174  0.583E-02
        175  0.583E-02
        176  0.583E-02
        177  0.583E-02
        178  0.583E-02
        179  0.583E-02
        180  0.643E-02
        181  0.643E-02
        182  0.643E-02
        183  0.643E-02
        184  0.643E-02
        185  0.643E-02
        186  0.643E-02
        187  0.643E-02
        188  0.643E-02
        189  0.643E-02
        190  0.643E-02
        191  0.643E-02
        192  0.643E-02
        193  0.643E-02
        194  0.643E-02
        195  0.643E-02
        196  0.643E-02
        197  0.643E-02
        198  0.643E-02
        199  0.643E-02
        200  0.643E-02
        201  0.643E-02
        202  0.643E-02
        203  0.643E-02
        204  0.643E-02
        205  0.643E-02
        206  0.643E-02
        207  0.643E-02
        208  0.643E-02
        209  0.643E-02
        210  0.587E-02
        211  0.587E-02
        212  0.587E-02
        213  0.587E-02
        214  0.587E-02
        215  0.587E-02
        216  0.587E-02
        217  0.587E-02
        218  0.587E-02
        219  0.587E-02
        220  0.587E-02
        221  0.587E-02
        222  0.587E-02
        223  0.587E-02
        224  0.587E-02
        225  0.587E-02
        226  0.587E-02
        227  0.587E-02
        228  0.587E-02
        229  0.587E-02
        230  0.587E-02
        231  0.587E-02
        232  0.587E-02
        233  0.587E-02
        234  0.587E-02
        235  0.587E-02
        236  0.587E-02
        237  0.587E-02
        238  0.587E-02
        239  0.587E-02
        240  0.453E-02
        241  0.453E-02
        242  0.453E-02
        243  0.453E-02
        244  0.453E-02
        245  0.453E-02
        246  0.453E-02
        247  0.453E-02
        248  0.453E-02
        249  0.453E-02
        250  0.453E-02
        251  0.453E-02
        252  0.453E-02
        253  0.453E-02
        254  0.453E-02
        255  0.453E-02
        256  0.453E-02
        257  0.453E-02
        258  0.453E-02
        259  0.453E-02
        260  0.453E-02
        261  0.453E-02
        262  0.453E-02
        263  0.453E-02
        264  0.453E-02
        265  0.453E-02
        266  0.453E-02
        267  0.453E-02
        268  0.453E-02
        269  0.453E-02
        270  0.617E-02
        271  0.617E-02
        272  0.617E-02
        273  0.617E-02
        274  0.617E-02
        275  0.617E-02
        276  0.617E-02
        277  0.617E-02
        278  0.617E-02
        279  0.617E-02
        280  0.617E-02
        281  0.617E-02
        282  0.617E-02
        283  0.617E-02
        284  0.617E-02
        285  0.617E-02
        286  0.617E-02
        287  0.617E-02
        288  0.617E-02
        289  0.617E-02
        290  0.617E-02
        291  0.617E-02
        292  0.617E-02
        293  0.617E-02
        294  0.617E-02
        295  0.617E-02
        296  0.617E-02
        297  0.617E-02
        298  0.617E-02
        299  0.617E-02
        300  0.841E-02
        301  0.841E-02
        302  0.841E-02
        303  0.841E-02
        304  0.841E-02
        305  0.841E-02
        306  0.841E-02
        307  0.841E-02
        308  0.841E-02
        309  0.841E-02
        310  0.841E-02
        311  0.841E-02
        312  0.841E-02
        313  0.841E-02
        314  0.841E-02
        315  0.841E-02
        316  0.841E-02
        317  0.841E-02
        318  0.841E-02
        319  0.841E-02
        320  0.841E-02
        321  0.841E-02
        322  0.841E-02
        323  0.841E-02
        324  0.841E-02
        325  0.841E-02
        326  0.841E-02
        327  0.841E-02
        328  0.841E-02
        329  0.841E-02
        330  0.601E-02
        331  0.601E-02
        332  0.601E-02
        333  0.601E-02
        334  0.601E-02
        335  0.601E-02
        336  0.601E-02
        337  0.601E-02
        338  0.601E-02
        339  0.601E-02
        340  0.601E-02
        341  0.601E-02
        342  0.601E-02
        343  0.601E-02
        344  0.601E-02
        345  0.601E-02
        346  0.601E-02
        347  0.601E-02
        348  0.601E-02
        349  0.601E-02
        350  0.601E-02
        351  0.601E-02
        352  0.601E-02
        353  0.601E-02
        354  0.601E-02
        355  0.601E-02
        356  0.601E-02
        357  0.601E-02
        358  0.601E-02
        359  0.601E-02
        360  0.662E-02
        361  0.662E-02
        362  0.662E-02
        363  0.662E-02
        364  0.662E-02
        365  0.662E-02
        366  0.662E-02
        367  0.662E-02
        368  0.662E-02
        369  0.662E-02
        370  0.662E-02
        371  0.662E-02
        372  0.662E-02
        373  0.662E-02
        374  0.662E-02
        375  0.662E-02
        376  0.662E-02
        377  0.662E-02
        378  0.662E-02
        379  0.662E-02
        380  0.662E-02
        381  0.662E-02
        382  0.662E-02
        383  0.662E-02
        384  0.662E-02
        385  0.662E-02
        386  0.662E-02
        387  0.662E-02
        388  0.662E-02
        389  0.662E-02
        390  0.440E-02
        391  0.440E-02
        392  0.440E-02
        393  0.440E-02
        394  0.440E-02
        395  0.440E-02
        396  0.440E-02
        397  0.440E-02
        398  0.440E-02
        399  0.440E-02
        400  0.440E-02
        401  0.440E-02
        402  0.440E-02
        403  0.440E-02
        404  0.440E-02
        405  0.440E-02
        406  0.440E-02
        407  0.440E-02
        408  0.440E-02
        409  0.440E-02
        410  0.440E-02
        411  0.440E-02
        412  0.440E-02
        413  0.440E-02
        414  0.440E-02
        415  0.440E-02
        416  0.440E-02
        417  0.440E-02
        418  0.440E-02
        419  0.440E-02
        420  0.599E-02
        421  0.599E-02
        422  0.599E-02
        423  0.599E-02
        424  0.599E-02
        425  0.599E-02
        426  0.599E-02
        427  0.599E-02
        428  0.599E-02
        429  0.599E-02
        430  0.599E-02
        431  0.599E-02
        432  0.599E-02
        433  0.599E-02
        434  0.599E-02
        435  0.599E-02
        436  0.599E-02
        437  0.599E-02
        438  0.599E-02
        439  0.599E-02
        440  0.599E-02
        441  0.599E-02
        442  0.599E-02
        443  0.599E-02
        444  0.599E-02
        445  0.599E-02
        446  0.599E-02
        447  0.599E-02
        448  0.599E-02
        449  0.599E-02
        450  0.104E-01
        451  0.104E-01
        452  0.104E-01
        453  0.104E-01
        454  0.104E-01
        455  0.104E-01
        456  0.104E-01
        457  0.104E-01
        458  0.104E-01
        459  0.104E-01
        460  0.104E-01
        461  0.104E-01
        462  0.104E-01
        463  0.104E-01
        464  0.104E-01
        465  0.104E-01
        466  0.104E-01
        467  0.104E-01
        468  0.104E-01
        469  0.104E-01
        470  0.104E-01
        471  0.104E-01
        472  0.104E-01
        473  0.104E-01
        474  0.104E-01
        475  0.104E-01
        476  0.104E-01
        477  0.104E-01
        478  0.104E-01
        479  0.104E-01
        480  0.952E-02
        481  0.952E-02
        482  0.952E-02
        483  0.952E-02
        484  0.952E-02
        485  0.952E-02
        486  0.952E-02
        487  0.952E-02
        488  0.952E-02
        489  0.952E-02
        490  0.952E-02
        491  0.952E-02
        492  0.952E-02
        493  0.952E-02
        494  0.952E-02
        495  0.952E-02
        496  0.952E-02
        497  0.952E-02
        498  0.952E-02
        499  0.952E-02
        500  0.952E-02
        501  0.952E-02
        502  0.952E-02
        503  0.952E-02
        504  0.952E-02
        505  0.952E-02
        506  0.952E-02
        507  0.952E-02
        508  0.952E-02
        509  0.952E-02
        510  0.798E-02
        511  0.798E-02
        512  0.798E-02
        513  0.798E-02
        514  0.798E-02
        515  0.798E-02
        516  0.798E-02
        517  0.798E-02
        518  0.798E-02
        519  0.798E-02
        520  0.798E-02
        521  0.798E-02
        522  0.798E-02
        523  0.798E-02
        524  0.798E-02
        525  0.798E-02
        526  0.798E-02
        527  0.798E-02
        528  0.798E-02
        529  0.798E-02
        530  0.798E-02
        531  0.798E-02
        532  0.798E-02
        533  0.798E-02
        534  0.798E-02
        535  0.798E-02
        536  0.798E-02
        537  0.798E-02
        538  0.798E-02
        539  0.798E-02
        540  0.530E-02
        541  0.530E-02
        542  0.530E-02
        543  0.530E-02
        544  0.530E-02
        545  0.530E-02
        546  0.530E-02
        547  0.530E-02
        548  0.530E-02
        549  0.530E-02
        550  0.530E-02
        551  0.530E-02
        552  0.530E-02
        553  0.530E-02
        554  0.530E-02
        555  0.530E-02
        556  0.530E-02
        557  0.530E-02
        558  0.530E-02
        559  0.530E-02
        560  0.530E-02
        561  0.530E-02
        562  0.530E-02
        563  0.530E-02
        564  0.530E-02
        565  0.530E-02
        566  0.530E-02
        567  0.530E-02
        568  0.530E-02
        569  0.530E-02
        570  0.584E-02
        571  0.584E-02
        572  0.584E-02
        573  0.584E-02
        574  0.584E-02
        575  0.584E-02
        576  0.584E-02
        577  0.584E-02
        578  0.584E-02
        579  0.584E-02
        580  0.584E-02
        581  0.584E-02
        582  0.584E-02
        583  0.584E-02
        584  0.584E-02
        585  0.584E-02
        586  0.584E-02
        587  0.584E-02
        588  0.584E-02
        589  0.584E-02
        590  0.584E-02
        591  0.584E-02
        592  0.584E-02
        593  0.584E-02
        594  0.584E-02
        595  0.584E-02
        596  0.584E-02
        597  0.584E-02
        598  0.584E-02
        599  0.584E-02
        600  0.795E-02
        601  0.795E-02
        602  0.795E-02
        603  0.795E-02
        604  0.795E-02
        605  0.795E-02
        606  0.795E-02
        607  0.795E-02
        608  0.795E-02
        609  0.795E-02
        610  0.795E-02
        611  0.795E-02
        612  0.795E-02
        613  0.795E-02
        614  0.795E-02
        615  0.795E-02
        616  0.795E-02
        617  0.795E-02
        618  0.795E-02
        619  0.795E-02
        620  0.795E-02
        621  0.795E-02
        622  0.795E-02
        623  0.795E-02
        624  0.795E-02
        625  0.795E-02
        626  0.795E-02
        627  0.795E-02
        628  0.795E-02
        629  0.795E-02
        630  0.726E-02
        631  0.726E-02
        632  0.726E-02
        633  0.726E-02
        634  0.726E-02
        635  0.726E-02
        636  0.726E-02
        637  0.726E-02
        638  0.726E-02
        639  0.726E-02
        640  0.726E-02
        641  0.726E-02
        642  0.726E-02
        643  0.726E-02
        644  0.726E-02
        645  0.726E-02
        646  0.726E-02
        647  0.726E-02
        648  0.726E-02
        649  0.726E-02
        650  0.726E-02
        651  0.726E-02
        652  0.726E-02
        653  0.726E-02
        654  0.726E-02
        655  0.726E-02
        656  0.726E-02
        657  0.726E-02
        658  0.726E-02
        659  0.726E-02
        660  0.800E-02
        661  0.800E-02
        662  0.800E-02
        663  0.800E-02
        664  0.800E-02
        665  0.800E-02
        666  0.800E-02
        667  0.800E-02
        668  0.800E-02
        669  0.800E-02
        670  0.800E-02
        671  0.800E-02
        672  0.800E-02
        673  0.800E-02
        674  0.800E-02
        675  0.800E-02
        676  0.800E-02
        677  0.800E-02
        678  0.800E-02
        679  0.800E-02
        680  0.800E-02
        681  0.800E-02
        682  0.800E-02
        683  0.800E-02
        684  0.800E-02
        685  0.800E-02
        686  0.800E-02
        687  0.800E-02
        688  0.800E-02
        689  0.800E-02
        690  0.670E-02
        691  0.670E-02
        692  0.670E-02
        693  0.670E-02
        694  0.670E-02
        695  0.670E-02
        696  0.670E-02
        697  0.670E-02
        698  0.670E-02
        699  0.670E-02
        700  0.670E-02
        701  0.670E-02
        702  0.670E-02
        703  0.670E-02
        704  0.670E-02
        705  0.670E-02
        706  0.670E-02
        707  0.670E-02
        708  0.670E-02
        709  0.670E-02
        710  0.670E-02
        711  0.670E-02
        712  0.670E-02
        713  0.670E-02
        714  0.670E-02
        715  0.670E-02
        716  0.670E-02
        717  0.670E-02
        718  0.670E-02
        719  0.670E-02
        720  0.445E-02
        721  0.445E-02
        722  0.445E-02
        723  0.445E-02
        724  0.445E-02
        725  0.445E-02
        726  0.445E-02
        727  0.445E-02
        728  0.445E-02
        729  0.445E-02
        730  0.445E-02
        731  0.445E-02
        732  0.445E-02
        733  0.445E-02
        734  0.445E-02
        735  0.445E-02
        736  0.445E-02
        737  0.445E-02
        738  0.445E-02
        739  0.445E-02
        740  0.445E-02
        741  0.445E-02
        742  0.445E-02
        743  0.445E-02
        744  0.445E-02
        745  0.445E-02
        746  0.445E-02
        747  0.445E-02
        748  0.445E-02
        749  0.445E-02
        750  0.543E-02
        751  0.543E-02
        752  0.543E-02
        753  0.543E-02
        754  0.543E-02
        755  0.543E-02
        756  0.543E-02
        757  0.543E-02
        758  0.543E-02
        759  0.543E-02
        760  0.543E-02
        761  0.543E-02
        762  0.543E-02
        763  0.543E-02
        764  0.543E-02
        765  0.543E-02
        766  0.543E-02
        767  0.543E-02
        768  0.543E-02
        769  0.543E-02
        770  0.543E-02
        771  0.543E-02
        772  0.543E-02
        773  0.543E-02
        774  0.543E-02
        775  0.543E-02
        776  0.543E-02
        777  0.543E-02
        778  0.543E-02
        779  0.543E-02
        780  0.663E-02
        781  0.663E-02
        782  0.663E-02
        783  0.663E-02
        784  0.663E-02
        785  0.663E-02
        786  0.663E-02
        787  0.663E-02
        788  0.663E-02
        789  0.663E-02
        790  0.663E-02
        791  0.663E-02
        792  0.663E-02
        793  0.663E-02
        794  0.663E-02
        795  0.663E-02
        796  0.663E-02
        797  0.663E-02
        798  0.663E-02
        799  0.663E-02
        800  0.663E-02
        801  0.663E-02
        802  0.663E-02
        803  0.663E-02
        804  0.663E-02
        805  0.663E-02
        806  0.663E-02
        807  0.663E-02
        808  0.663E-02
        809  0.663E-02
        810  0.556E-02
        811  0.556E-02
        812  0.556E-02
        813  0.556E-02
        814  0.556E-02
        815  0.556E-02
        816  0.556E-02
        817  0.556E-02
        818  0.556E-02
        819  0.556E-02
        820  0.556E-02
        821  0.556E-02
        822  0.556E-02
        823  0.556E-02
        824  0.556E-02
        825  0.556E-02
        826  0.556E-02
        827  0.556E-02
        828  0.556E-02
        829  0.556E-02
        830  0.556E-02
        831  0.556E-02
        832  0.556E-02
        833  0.556E-02
        834  0.556E-02
        835  0.556E-02
        836  0.556E-02
        837  0.556E-02
        838  0.556E-02
        839  0.556E-02
        840  0.678E-02
        841  0.678E-02
        842  0.678E-02
        843  0.678E-02
        844  0.678E-02
        845  0.678E-02
        846  0.678E-02
        847  0.678E-02
        848  0.678E-02
        849  0.678E-02
        850  0.678E-02
        851  0.678E-02
        852  0.678E-02
        853  0.678E-02
        854  0.678E-02
        855  0.678E-02
        856  0.678E-02
        857  0.678E-02
        858  0.678E-02
        859  0.678E-02
        860  0.678E-02
        861  0.678E-02
        862  0.678E-02
        863  0.678E-02
        864  0.678E-02
        865  0.678E-02
        866  0.678E-02
        867  0.678E-02
        868  0.678E-02
        869  0.678E-02
        870  0.678E-02
        871  0.678E-02
        872  0.678E-02
        873  0.678E-02
        874  0.678E-02
        875  0.678E-02
        876  0.678E-02
        877  0.678E-02
        878  0.678E-02
        879  0.678E-02
        880  0.678E-02
        881  0.678E-02
        882  0.678E-02
        883  0.678E-02
        884  0.678E-02
        885  0.678E-02
        886  0.678E-02
        887  0.678E-02
        888  0.678E-02
        889  0.678E-02
        890  0.678E-02
        891  0.678E-02
        892  0.678E-02
        893  0.678E-02
        894  0.678E-02
        895  0.678E-02
        896  0.678E-02
        897  0.678E-02
        898  0.678E-02
        899  0.678E-02
        900  0.746E-02
        901  0.746E-02
        902  0.746E-02
        903  0.746E-02
        904  0.746E-02
        905  0.746E-02
        906  0.746E-02
        907  0.746E-02
        908  0.746E-02
        909  0.746E-02
        910  0.746E-02
        911  0.746E-02
        912  0.746E-02
        913  0.746E-02
        914  0.746E-02
        915  0.746E-02
        916  0.746E-02
        917  0.746E-02
        918  0.746E-02
        919  0.746E-02
        920  0.746E-02
        921  0.746E-02
        922  0.746E-02
        923  0.746E-02
        924  0.746E-02
        925  0.746E-02
        926  0.746E-02
        927  0.746E-02
        928  0.746E-02
        929  0.746E-02
        930  0.626E-02
        931  0.626E-02
        932  0.626E-02
        933  0.626E-02
        934  0.626E-02
        935  0.626E-02
        936  0.626E-02
        937  0.626E-02
        938  0.626E-02
        939  0.626E-02
        940  0.626E-02
        941  0.626E-02
        942  0.626E-02
        943  0.626E-02
        944  0.626E-02
        945  0.626E-02
        946  0.626E-02
        947  0.626E-02
        948  0.626E-02
        949  0.626E-02
        950  0.626E-02
        951  0.626E-02
        952  0.626E-02
        953  0.626E-02
        954  0.626E-02
        955  0.626E-02
        956  0.626E-02
        957  0.626E-02
        958  0.626E-02
        959  0.626E-02
        960  0.626E-02
        961  0.626E-02
        962  0.626E-02
        963  0.626E-02
        964  0.626E-02
        965  0.626E-02
        966  0.626E-02
        967  0.626E-02
        968  0.626E-02
        969  0.626E-02
        970  0.626E-02
        971  0.626E-02
        972  0.626E-02
        973  0.626E-02
        974  0.626E-02
        975  0.626E-02
        976  0.626E-02
        977  0.626E-02
        978  0.626E-02
        979  0.626E-02
        980  0.626E-02
        981  0.626E-02
        982  0.626E-02
        983  0.626E-02
        984  0.626E-02
        985  0.626E-02
        986  0.626E-02
        987  0.626E-02
        988  0.626E-02
        989  0.626E-02
        990  0.483E-02
        991  0.483E-02
        992  0.483E-02
        993  0.483E-02
        994  0.483E-02
        995  0.483E-02
        996  0.483E-02
        997  0.483E-02
        998  0.483E-02
        999  0.483E-02
       1000  0.483E-02
